{
  "advancedEditorSelectedIdentifier" : "ProjectBrowser",
  "openSceneRelativePaths" : [
    "Water.usda",
    "Oxygen.usda",
    "CarbonDioxide.usda",
    "Hydrogen.usda",
    "Methane.usda",
    "Untitled Scene.usda"
  ],
  "recentIdentifiers" : {
    "3F509398-E4C9-4AB0-A6F2-A77F275F97FA" : [

    ],
    "80D61720-A4C4-4639-9286-4AAC231848D5" : [

    ],
    "10978F5F-0DB4-4DC0-AE12-12F7E63CE8AA" : [

    ],
    "83274CE2-4E85-4ECB-B338-5BCF0F4472C8" : [

    ],
    "726991A0-9AFF-41D4-8DEB-936B159F1082" : [

    ],
    "AF09ED6F-1707-48FD-8720-65B998362C09" : [

    ]
  },
  "sceneCameraHistory" : {
    "2D4D97EB-0CAC-4816-978D-DA2413FEF627" : [
      {
        "date" : 748043733.422603,
        "title" : "Untitled",
        "transform" : [
          0.4344213,
          8.815991e-09,
          -0.9007097,
          0,
          -0.51551807,
          0.8200118,
          -0.24863952,
          0,
          0.73859274,
          0.5723465,
          0.35623047,
          0,
          1.3212774,
          0.8483688,
          0.5979221,
          1
        ]
      },
      {
        "date" : 748043714.910132,
        "title" : "Untitled",
        "transform" : [
          -0.03452506,
          3.8699803e-09,
          -0.9994038,
          0,
          -0.37703663,
          0.92610675,
          0.013024986,
          0,
          0.92555463,
          0.37726155,
          -0.03197419,
          0,
          1.6169217,
          0.49810186,
          -0.10750954,
          1
        ]
      },
      {
        "date" : 748043705.674561,
        "title" : "Untitled",
        "transform" : [
          -0.023301495,
          3.9557992e-09,
          -0.99972844,
          0,
          -0.34035036,
          0.94026536,
          0.007932835,
          0,
          0.94000983,
          0.34044275,
          -0.021909883,
          0,
          1.6265074,
          0.4340157,
          -0.08954126,
          1
        ]
      },
      {
        "date" : 748043701.14188,
        "title" : "Untitled",
        "transform" : [
          0.2588954,
          4.177545e-09,
          -0.96590537,
          0,
          -0.38022822,
          0.9192606,
          -0.10191405,
          0,
          0.8879189,
          0.39364952,
          0.23799211,
          0,
          1.500606,
          0.5276766,
          0.36386982,
          1
        ]
      },
      {
        "date" : 748043694.882296,
        "title" : "Untitled",
        "transform" : [
          0.9828101,
          5.2914166e-09,
          -0.18461935,
          0,
          -0.11191779,
          0.7953061,
          -0.5957875,
          0,
          0.14682917,
          0.60620815,
          0.7816348,
          0,
          0.05097793,
          0.91939795,
          1.2752097,
          1
        ]
      },
      {
        "date" : 748043682.338338,
        "title" : "Untitled",
        "transform" : [
          -0.2388977,
          9.177898e-09,
          -0.9710448,
          0,
          -0.28778285,
          0.9550751,
          0.070800744,
          0,
          0.92742056,
          0.29636413,
          -0.2281655,
          0,
          1.5832415,
          0.37053388,
          -0.41733158,
          1
        ]
      },
      {
        "date" : 748043675.340409,
        "title" : "Untitled",
        "transform" : [
          0.9999909,
          9.03208e-09,
          -0.004278334,
          0,
          -0.0042713876,
          0.05697976,
          -0.99836624,
          0,
          0.00024408239,
          0.99837536,
          0.056979276,
          0,
          -0.124650426,
          1.7942591,
          0.2955582,
          1
        ]
      },
      {
        "date" : 748043669.656747,
        "title" : "Untitled",
        "transform" : [
          0.99936706,
          -1.7707062e-08,
          0.035572395,
          0,
          0.016467895,
          0.88638926,
          -0.46264762,
          0,
          -0.03153071,
          0.46294054,
          0.8858283,
          0,
          -0.18189365,
          0.66957426,
          1.4296126,
          1
        ]
      },
      {
        "date" : 748043665.192832,
        "title" : "Untitled",
        "transform" : [
          -0.022368837,
          -1.6708583e-08,
          -0.9997497,
          0,
          -0.214032,
          0.9768149,
          0.004788852,
          0,
          0.9765705,
          0.21408543,
          -0.021850491,
          0,
          1.61518,
          0.2420858,
          -0.06341121,
          1
        ]
      },
      {
        "date" : 748043655.755324,
        "title" : "Untitled",
        "transform" : [
          0.99772257,
          -1.2303898e-08,
          0.067451715,
          0,
          0.06110062,
          0.42361435,
          -0.9037796,
          0,
          -0.028573235,
          0.90584266,
          0.4226497,
          0,
          -0.19172823,
          1.530066,
          0.8317492,
          1
        ]
      }
    ],
    "3F509398-E4C9-4AB0-A6F2-A77F275F97FA" : [
      {
        "date" : 748042698.980265,
        "title" : "Untitled",
        "transform" : [
          0.9883419,
          -7.481508e-09,
          0.15225051,
          0,
          0.062116675,
          0.9129864,
          -0.40323365,
          0,
          -0.13900259,
          0.40799007,
          0.9023427,
          0,
          0.13532117,
          0.17245424,
          1.0267793,
          1
        ]
      },
      {
        "date" : 748042690.913229,
        "title" : "Untitled",
        "transform" : [
          0.9829354,
          -6.4512635e-09,
          0.18395142,
          0,
          0.10090975,
          0.83610624,
          -0.5392064,
          0,
          -0.15380289,
          0.54856753,
          0.8218384,
          0,
          0.1090665,
          0.32917917,
          0.9942212,
          1
        ]
      },
      {
        "date" : 748042684.997286,
        "title" : "Untitled",
        "transform" : [
          0.9710594,
          -5.6351337e-09,
          -0.23883817,
          0,
          -0.13981253,
          0.81075466,
          -0.56844455,
          0,
          0.19363919,
          0.58538604,
          0.78729093,
          0,
          0.48511016,
          0.36965537,
          0.74568677,
          1
        ]
      },
      {
        "date" : 748042680.445322,
        "title" : "Untitled",
        "transform" : [
          0.9710594,
          -5.6351337e-09,
          -0.23883817,
          0,
          -0.13981253,
          0.81075466,
          -0.56844455,
          0,
          0.19363919,
          0.58538604,
          0.78729093,
          0,
          0.25934112,
          0.49018013,
          0.7116004,
          1
        ]
      },
      {
        "date" : 748042672.312891,
        "title" : "Untitled",
        "transform" : [
          0.9798348,
          -5.4857656e-09,
          -0.19980942,
          0,
          -0.07629857,
          0.9242215,
          -0.37415645,
          0,
          0.1846682,
          0.3818567,
          0.90558445,
          0,
          0.24930848,
          0.32859915,
          0.79256785,
          1
        ]
      },
      {
        "date" : 748042662.282986,
        "title" : "Untitled",
        "transform" : [
          0.98424727,
          -4.860338e-09,
          -0.17679742,
          0,
          -0.17664722,
          0.041215815,
          -0.983411,
          0,
          0.0072868583,
          0.99915034,
          0.040566538,
          0,
          0.007650055,
          0.9025298,
          0.008637365,
          1
        ]
      },
      {
        "date" : 748042652.850492,
        "title" : "Untitled",
        "transform" : [
          0.020512547,
          -5.5957544e-11,
          -0.99978966,
          0,
          -0.08364284,
          0.9964943,
          -0.0017160891,
          0,
          0.99628466,
          0.08366044,
          0.020440625,
          0,
          0.87310445,
          0.11927389,
          0.007907023,
          1
        ]
      },
      {
        "date" : 748042638.278692,
        "title" : "Untitled",
        "transform" : [
          0.99701655,
          1.598353e-09,
          -0.07718779,
          0,
          -0.015956284,
          0.97840005,
          -0.20610355,
          0,
          0.075520545,
          0.20672028,
          0.97548103,
          0,
          0.073060945,
          0.2281483,
          0.8666342,
          1
        ]
      },
      {
        "date" : 748042634.26259,
        "title" : "Untitled",
        "transform" : [
          0.9970166,
          -6.588996e-10,
          -0.07718781,
          0,
          -0.015956286,
          0.9784001,
          -0.20610356,
          0,
          0.075520545,
          0.2067203,
          0.9754811,
          0,
          0.07385482,
          0.28420824,
          0.8151707,
          1
        ]
      },
      {
        "date" : 748042577.761619,
        "title" : "Untitled",
        "transform" : [
          1,
          0,
          -0,
          0,
          -0,
          0.8660254,
          -0.5,
          0,
          0,
          0.5,
          0.8660254,
          0,
          0,
          0.22433305,
          0.38855624,
          1
        ]
      }
    ],
    "08D799D7-EBB9-4984-8AAA-01B12C1B1138" : [
      {
        "date" : 748042923.95003,
        "title" : "Untitled",
        "transform" : [
          1,
          0,
          -0,
          0,
          -0,
          0.86602557,
          -0.49999976,
          0,
          0,
          0.49999976,
          0.86602557,
          0,
          0.000973761,
          0.61017305,
          1.02268,
          1
        ]
      }
    ],
    "80D61720-A4C4-4639-9286-4AAC231848D5" : [
      {
        "date" : 748057657.521901,
        "title" : "Untitled",
        "transform" : [
          0.99877244,
          7.2376833e-09,
          0.049533848,
          0,
          -0.004225386,
          0.99635506,
          0.085198164,
          0,
          -0.049353316,
          -0.085302815,
          0.995132,
          0,
          1.1864738,
          0.32219112,
          3.911042,
          1
        ]
      },
      {
        "date" : 748057574.523166,
        "title" : "Untitled",
        "transform" : [
          0.9995435,
          8.7555545e-09,
          -0.030209174,
          0,
          -0.011473452,
          0.9250686,
          -0.3796267,
          0,
          0.027945563,
          0.37980008,
          0.9246464,
          0,
          1.4826756,
          2.0885177,
          3.370083,
          1
        ]
      },
      {
        "date" : 748057571.725518,
        "title" : "Untitled",
        "transform" : [
          0.9566089,
          6.813096e-09,
          -0.29137492,
          0,
          -0.2520392,
          0.5017726,
          -0.8274663,
          0,
          0.14620394,
          0.8649996,
          0.48000008,
          0,
          1.8067607,
          3.701872,
          1.4710042,
          1
        ]
      },
      {
        "date" : 748057563.126751,
        "title" : "Untitled",
        "transform" : [
          0.9983448,
          8.166723e-09,
          -0.05751429,
          0,
          -0.042998787,
          0.6641275,
          -0.7463818,
          0,
          0.038196802,
          0.74761933,
          0.6630282,
          0,
          1.5025135,
          3.3509622,
          2.1226244,
          1
        ]
      },
      {
        "date" : 748057559.479915,
        "title" : "Untitled",
        "transform" : [
          0.99659985,
          6.944322e-09,
          0.08239216,
          0,
          0.0049858964,
          0.9981674,
          -0.06030832,
          0,
          -0.0822412,
          0.06051403,
          0.99477357,
          0,
          0.7187741,
          0.36251283,
          3.8550994,
          1
        ]
      },
      {
        "date" : 748057530.287938,
        "title" : "Untitled",
        "transform" : [
          0.9863576,
          7.8804305e-09,
          -0.16461635,
          0,
          -0.041828647,
          0.9671786,
          -0.25063136,
          0,
          0.15921338,
          0.2540978,
          0.95398396,
          0,
          1.6622759,
          1.1165674,
          3.76806,
          1
        ]
      },
      {
        "date" : 748057511.271618,
        "title" : "Untitled",
        "transform" : [
          0.999968,
          7.387304e-09,
          0.008002972,
          0,
          0.0010637244,
          0.99112755,
          -0.13291036,
          0,
          -0.007931976,
          0.13291457,
          0.9910957,
          0,
          1.0079119,
          0.64510244,
          3.8606608,
          1
        ]
      },
      {
        "date" : 748057489.372104,
        "title" : "Untitled",
        "transform" : [
          0.99984246,
          7.55649e-09,
          0.017753411,
          0,
          0.010571338,
          0.8033901,
          -0.5953593,
          0,
          -0.014262927,
          0.5954531,
          0.8032635,
          0,
          0.98436904,
          2.4324956,
          3.0632331,
          1
        ]
      },
      {
        "date" : 748057476.937653,
        "title" : "Untitled",
        "transform" : [
          0.9993636,
          7.2486888e-09,
          0.03567193,
          0,
          0.012644565,
          0.93506825,
          -0.35424224,
          0,
          -0.033355698,
          0.35446772,
          0.93447316,
          0,
          0.9103647,
          1.4975863,
          3.5697718,
          1
        ]
      },
      {
        "date" : 748057446.353106,
        "title" : "Untitled",
        "transform" : [
          0.9993636,
          7.2486888e-09,
          0.03567193,
          0,
          0.012644565,
          0.93506825,
          -0.35424224,
          0,
          -0.033355698,
          0.35446772,
          0.93447316,
          0,
          -0.049318474,
          0.43125704,
          1.0279803,
          1
        ]
      }
    ],
    "369F73F9-97D2-4332-8A21-E5CF80B41630" : [
      {
        "date" : 748043128.650196,
        "title" : "Untitled",
        "transform" : [
          -0.99549156,
          6.901888e-09,
          -0.09484989,
          0,
          -0.09323596,
          0.18369234,
          0.9785521,
          0,
          0.017423287,
          0.9829837,
          -0.18286422,
          0,
          0.012755692,
          1.3395921,
          -0.29723865,
          1
        ]
      },
      {
        "date" : 748043123.668858,
        "title" : "Untitled",
        "transform" : [
          -0.97819984,
          8.722465e-09,
          0.20766562,
          0,
          0.026646314,
          0.99173373,
          0.1255165,
          0,
          -0.20594893,
          0.12831368,
          -0.9701137,
          0,
          -0.16237056,
          0.0455997,
          -0.5762131,
          1
        ]
      },
      {
        "date" : 748043114.515925,
        "title" : "Untitled",
        "transform" : [
          -0.996552,
          8.824099e-09,
          0.08297105,
          0,
          0.012909246,
          0.9878221,
          0.15505134,
          0,
          -0.08196061,
          0.15558775,
          -0.9844161,
          0,
          0.12691228,
          0.14817412,
          -0.65131927,
          1
        ]
      },
      {
        "date" : 748043108.552707,
        "title" : "Untitled",
        "transform" : [
          -0.7383523,
          1.1915275e-08,
          0.6744153,
          0,
          0.6269139,
          0.36865446,
          0.68634766,
          0,
          -0.24862616,
          0.9295665,
          -0.2721969,
          0,
          -0.068402216,
          0.61686933,
          -0.43623188,
          1
        ]
      },
      {
        "date" : 748043104.817549,
        "title" : "Untitled",
        "transform" : [
          -0.97321147,
          9.848302e-09,
          0.22991188,
          0,
          0.22977176,
          0.03489949,
          0.97261864,
          0,
          -0.008023772,
          0.9993907,
          -0.03396463,
          0,
          0.1705002,
          0.6503736,
          -0.08826836,
          1
        ]
      },
      {
        "date" : 748043095.349984,
        "title" : "Untitled",
        "transform" : [
          -0.9945445,
          5.9830056e-09,
          0.104313314,
          0,
          0.09978681,
          0.2913808,
          0.9513884,
          0,
          -0.030394858,
          0.9566071,
          -0.28979117,
          0,
          0.16630486,
          0.59867233,
          -0.26295513,
          1
        ]
      },
      {
        "date" : 748043089.882746,
        "title" : "Untitled",
        "transform" : [
          -0.8778826,
          6.220088e-09,
          -0.47887608,
          0,
          -0.47012737,
          0.19027506,
          0.86184424,
          0,
          0.091118194,
          0.9817308,
          -0.16703914,
          0,
          0.6471549,
          0.71702373,
          0.11568173,
          1
        ]
      },
      {
        "date" : 748043055.968832,
        "title" : "Untitled",
        "transform" : [
          0.98632437,
          5.8413967e-09,
          -0.16481562,
          0,
          -0.16139457,
          0.20268956,
          -0.9658513,
          0,
          0.033406388,
          0.97924304,
          0.19991769,
          0,
          -0.026307672,
          0.7162059,
          0.12606354,
          1
        ]
      },
      {
        "date" : 748043030.069607,
        "title" : "Untitled",
        "transform" : [
          0.9999847,
          4.7234967e-09,
          -0.0055352654,
          0,
          -0.0024249943,
          0.89892703,
          -0.4380917,
          0,
          0.004975794,
          0.4380984,
          0.89891326,
          0,
          -0.043180723,
          0.34277147,
          0.64045155,
          1
        ]
      },
      {
        "date" : 748043026.386956,
        "title" : "Untitled",
        "transform" : [
          0.98991317,
          4.6902042e-09,
          0.14167538,
          0,
          0.14158908,
          0.03489961,
          -0.98931015,
          0,
          -0.0049444214,
          0.99939084,
          0.034547567,
          0,
          -0.048477024,
          0.7366965,
          0.009475007,
          1
        ]
      }
    ],
    "10978F5F-0DB4-4DC0-AE12-12F7E63CE8AA" : [
      {
        "date" : 748056687.943006,
        "title" : "Untitled",
        "transform" : [
          0.43363294,
          -6.297315e-09,
          -0.9010897,
          0,
          -0.6040227,
          0.742068,
          -0.29067475,
          0,
          0.6686699,
          0.6703246,
          0.32178503,
          0,
          2.6975236,
          2.9605143,
          1.3253732,
          1
        ]
      },
      {
        "date" : 748056567.943908,
        "title" : "Untitled",
        "transform" : [
          0.99934554,
          2.262665e-09,
          -0.03617563,
          0,
          -0.0053934543,
          0.98882395,
          -0.14899048,
          0,
          0.035771385,
          0.14908794,
          0.98817676,
          0,
          0.12525475,
          0.80861586,
          4.1386404,
          1
        ]
      },
      {
        "date" : 748056561.395372,
        "title" : "Untitled",
        "transform" : [
          0.111210994,
          2.5270483e-09,
          -0.9937969,
          0,
          -0.54473734,
          0.83638823,
          -0.060958818,
          0,
          0.83120006,
          0.5481374,
          0.093015514,
          0,
          3.441532,
          2.481409,
          0.36664236,
          1
        ]
      },
      {
        "date" : 748056558.262228,
        "title" : "Untitled",
        "transform" : [
          0.14569974,
          2.3565843e-09,
          -0.98932886,
          0,
          -0.50176156,
          0.861844,
          -0.07389498,
          0,
          0.8526472,
          0.50717366,
          0.12557039,
          0,
          3.4983034,
          2.3050804,
          0.50216925,
          1
        ]
      },
      {
        "date" : 748056547.677036,
        "title" : "Untitled",
        "transform" : [
          0.010863556,
          4.22756e-09,
          -0.9999411,
          0,
          -0.17216387,
          0.98506665,
          -0.0018703337,
          0,
          0.9850085,
          0.172174,
          0.01070129,
          0,
          4.2725086,
          0.8542755,
          0.020516047,
          1
        ]
      },
      {
        "date" : 748056519.512434,
        "title" : "Untitled",
        "transform" : [
          0.43233082,
          3.9886228e-09,
          -0.9017151,
          0,
          -0.5082086,
          0.82604647,
          -0.24366248,
          0,
          0.74485856,
          0.56360215,
          0.35712528,
          0,
          3.2017987,
          2.542401,
          1.506392,
          1
        ]
      },
      {
        "date" : 748056516.944166,
        "title" : "Untitled",
        "transform" : [
          -0.09576583,
          -1.1746633e-08,
          -0.995404,
          0,
          -0.9899141,
          0.104880325,
          0.09523772,
          0,
          0.10439823,
          0.9944849,
          -0.010043973,
          0,
          0.34741294,
          4.3428454,
          -0.059443243,
          1
        ]
      },
      {
        "date" : 748043980.577584,
        "title" : "Untitled",
        "transform" : [
          0.5588879,
          -1.8706903e-08,
          -0.82924306,
          0,
          -0.36346877,
          0.898822,
          -0.2449683,
          0,
          0.745342,
          0.43831384,
          0.5023408,
          0,
          3.2225115,
          2.0043828,
          2.1406546,
          1
        ]
      },
      {
        "date" : 748043969.776793,
        "title" : "Untitled",
        "transform" : [
          -0.2957134,
          -6.039075e-09,
          -0.95527655,
          0,
          -0.076758295,
          0.99676645,
          0.023761215,
          0,
          0.9521878,
          0.080351904,
          -0.29475743,
          0,
          1.2238197,
          0.338343,
          -0.29736996,
          1
        ]
      },
      {
        "date" : 748043967.11224,
        "title" : "Untitled",
        "transform" : [
          0.30639544,
          -8.79215e-09,
          -0.9519044,
          0,
          0.06726351,
          0.9975003,
          0.021650616,
          0,
          0.9495249,
          -0.070662215,
          0.30562937,
          0,
          1.3797365,
          0.1433559,
          0.47873324,
          1
        ]
      }
    ],
    "83274CE2-4E85-4ECB-B338-5BCF0F4472C8" : [
      {
        "date" : 748060168.342605,
        "title" : "Untitled",
        "transform" : [
          0.96569693,
          -4.9329287e-09,
          0.25967184,
          0,
          0.23397976,
          0.4336957,
          -0.8701503,
          0,
          -0.11261856,
          0.9010594,
          0.4188186,
          0,
          -0.047174923,
          0.39925748,
          0.17683215,
          1
        ]
      },
      {
        "date" : 748057547.564245,
        "title" : "Untitled",
        "transform" : [
          0.96569693,
          1.7109008e-08,
          0.2596719,
          0,
          0.23397976,
          0.43369564,
          -0.87015027,
          0,
          -0.1126185,
          0.9010594,
          0.41881865,
          0,
          0.1503501,
          0.6700411,
          0.3033822,
          1
        ]
      },
      {
        "date" : 748057536.386607,
        "title" : "Untitled",
        "transform" : [
          0.839505,
          -3.6531407e-09,
          0.54335207,
          0,
          0.17630982,
          0.9458907,
          -0.27240714,
          0,
          -0.51395154,
          0.32448536,
          0.7940799,
          0,
          -0.14244038,
          0.25924447,
          0.586145,
          1
        ]
      },
      {
        "date" : 748057534.272913,
        "title" : "Untitled",
        "transform" : [
          0.98484856,
          4.3042547e-10,
          0.17341678,
          0,
          0.026991257,
          0.9878133,
          -0.15328564,
          0,
          -0.1713034,
          0.15564384,
          0.97284645,
          0,
          0.110474914,
          0.13462481,
          0.7180613,
          1
        ]
      },
      {
        "date" : 748057517.006204,
        "title" : "Untitled",
        "transform" : [
          0.99493235,
          -1.7001743e-09,
          -0.10054676,
          0,
          -0.04672473,
          0.8854648,
          -0.46235153,
          0,
          0.089030616,
          0.4647065,
          0.8809776,
          0,
          0.3026246,
          0.36273935,
          0.65022504,
          1
        ]
      },
      {
        "date" : 748043284.657577,
        "title" : "Untitled",
        "transform" : [
          0.9949323,
          4.1049977e-09,
          -0.10054671,
          0,
          -0.046724726,
          0.8854648,
          -0.4623515,
          0,
          0.08903066,
          0.46470648,
          0.8809775,
          0,
          0.39579824,
          0.522824,
          0.91860914,
          1
        ]
      },
      {
        "date" : 748043276.920693,
        "title" : "Untitled",
        "transform" : [
          0.90290904,
          5.783232e-09,
          0.4298319,
          0,
          0.058906093,
          0.99056494,
          -0.12373874,
          0,
          -0.4257763,
          0.13704452,
          0.89439005,
          0,
          -0.18969446,
          0.16857429,
          1.0997467,
          1
        ]
      },
      {
        "date" : 748043274.26992,
        "title" : "Untitled",
        "transform" : [
          0.8764868,
          1.519479e-09,
          0.48142606,
          0,
          0.256735,
          0.8459387,
          -0.46741307,
          0,
          -0.4072569,
          0.5332803,
          0.74145406,
          0,
          -0.17361668,
          0.59661627,
          0.942205,
          1
        ]
      },
      {
        "date" : 748043270.053401,
        "title" : "Untitled",
        "transform" : [
          0.99999064,
          -1.2721963e-09,
          0.004320143,
          0,
          -0.00016132604,
          0.9993025,
          0.0373427,
          0,
          -0.00431713,
          -0.03734305,
          0.9992932,
          0,
          0.29842287,
          -0.006238454,
          0.6965393,
          1
        ]
      },
      {
        "date" : 748043258.921145,
        "title" : "Untitled",
        "transform" : [
          0.99999064,
          -1.2721963e-09,
          0.004320143,
          0,
          -0.00016132604,
          0.9993025,
          0.0373427,
          0,
          -0.00431713,
          -0.03734305,
          0.9992932,
          0,
          0.23416738,
          -0.00062902,
          0.5460717,
          1
        ]
      }
    ],
    "726991A0-9AFF-41D4-8DEB-936B159F1082" : [
      {
        "date" : 748060149.009499,
        "title" : "Untitled",
        "transform" : [
          0.99971455,
          -1.9511283e-08,
          -0.023888927,
          0,
          -0.0077905813,
          0.9453294,
          -0.3260242,
          0,
          0.022582898,
          0.32611734,
          0.94505954,
          0,
          0.015564461,
          0.23878188,
          0.6385367,
          1
        ]
      },
      {
        "date" : 748060145.595097,
        "title" : "Untitled",
        "transform" : [
          0.97361404,
          -1.8993898e-08,
          0.22820067,
          0,
          0.11036594,
          0.8752696,
          -0.47087422,
          0,
          -0.19973713,
          0.4836354,
          0.8521748,
          0,
          -0.13467193,
          0.345217,
          0.5759147,
          1
        ]
      },
      {
        "date" : 748042870.581685,
        "title" : "Untitled",
        "transform" : [
          0.97361416,
          6.031229e-09,
          0.22820069,
          0,
          0.110365964,
          0.87526953,
          -0.47087416,
          0,
          -0.19973709,
          0.4836353,
          0.8521749,
          0,
          -0.15112871,
          0.47862864,
          1.0841954,
          1
        ]
      },
      {
        "date" : 748042851.213743,
        "title" : "Untitled",
        "transform" : [
          0.99992085,
          2.1486843e-09,
          0.012588763,
          0,
          0.0076964325,
          0.7913459,
          -0.61132014,
          0,
          -0.009962029,
          0.6113686,
          0.79128325,
          0,
          0.093487695,
          0.64807695,
          1.0618986,
          1
        ]
      },
      {
        "date" : 748042843.649274,
        "title" : "Untitled",
        "transform" : [
          0.99719244,
          1.9988313e-09,
          -0.074882865,
          0,
          -0.074837185,
          0.034899577,
          -0.9965849,
          0,
          0.0026134178,
          0.9993908,
          0.034801573,
          0,
          0.12031454,
          1.2351172,
          0.16752322,
          1
        ]
      },
      {
        "date" : 748042835.947021,
        "title" : "Untitled",
        "transform" : [
          0.98159504,
          2.1034263e-09,
          -0.19097455,
          0,
          -0.18987058,
          0.10736627,
          -0.97592103,
          0,
          0.020504259,
          0.9942196,
          0.10539017,
          0,
          0.1575654,
          1.2204858,
          0.2677413,
          1
        ]
      },
      {
        "date" : 748042822.099236,
        "title" : "Untitled",
        "transform" : [
          0.9843578,
          -1.1882113e-09,
          0.17618138,
          0,
          0.055135123,
          0.94977117,
          -0.30805004,
          0,
          -0.16733195,
          0.31294525,
          0.93491465,
          0,
          -0.1021688,
          0.28512394,
          1.1617445,
          1
        ]
      },
      {
        "date" : 748042813.614983,
        "title" : "Untitled",
        "transform" : [
          0.99608445,
          -1.3258556e-09,
          0.08840747,
          0,
          0.008259546,
          0.9956263,
          -0.09306,
          0,
          -0.08802074,
          0.093425855,
          0.9917278,
          0,
          -0.0014879238,
          0.019792937,
          1.19435,
          1
        ]
      },
      {
        "date" : 748042802.354625,
        "title" : "Untitled",
        "transform" : [
          0.9962871,
          -1.3155161e-09,
          0.08609323,
          0,
          0.00949573,
          0.9938987,
          -0.1098863,
          0,
          -0.0855679,
          0.11029588,
          0.99020857,
          0,
          0.0013303005,
          0.039966356,
          1.1938454,
          1
        ]
      },
      {
        "date" : 748042799.364453,
        "title" : "Untitled",
        "transform" : [
          0.8963701,
          -2.6386977e-09,
          -0.44330648,
          0,
          -0.1519569,
          0.9394154,
          -0.30725837,
          0,
          0.416449,
          0.34278077,
          0.8420639,
          0,
          0.60131145,
          0.3207807,
          0.9810149,
          1
        ]
      }
    ],
    "AF09ED6F-1707-48FD-8720-65B998362C09" : [
      {
        "date" : 748037916.611868,
        "title" : "Untitled",
        "transform" : [
          -0.86084014,
          -6.122794e-08,
          0.5088755,
          0,
          0.2572587,
          0.86280096,
          0.43519258,
          0,
          -0.43905798,
          0.5055438,
          -0.7427339,
          0,
          -2.462404,
          2.2793875,
          -3.2451482,
          1
        ]
      },
      {
        "date" : 748037906.56045,
        "title" : "Untitled",
        "transform" : [
          -0.85541683,
          -5.7721124e-08,
          0.51794034,
          0,
          0.1170574,
          0.974126,
          0.19332942,
          0,
          -0.5045387,
          0.22600588,
          -0.83328396,
          0,
          -2.752853,
          0.9724795,
          -3.6422675,
          1
        ]
      },
      {
        "date" : 748037896.892645,
        "title" : "Untitled",
        "transform" : [
          -0.9987244,
          -4.997365e-08,
          -0.050494537,
          0,
          -0.019894838,
          0.9191127,
          0.39349234,
          0,
          0.046410684,
          0.3939949,
          -0.9179402,
          0,
          -0.25067154,
          1.7569289,
          -4.317452,
          1
        ]
      },
      {
        "date" : 748037801.359751,
        "title" : "Untitled",
        "transform" : [
          -0.98041886,
          -5.0172908e-08,
          -0.19692384,
          0,
          -0.13397296,
          0.7329081,
          0.66700596,
          0,
          0.14432758,
          0.6803276,
          -0.7185569,
          0,
          0.22162509,
          3.1013114,
          -3.4817777,
          1
        ]
      },
      {
        "date" : 748037794.50817,
        "title" : "Untitled",
        "transform" : [
          -0.9881531,
          -4.9675666e-08,
          -0.15347148,
          0,
          -0.07545676,
          0.87078446,
          0.48583996,
          0,
          0.13364111,
          0.49166474,
          -0.8604684,
          0,
          0.5734326,
          1.1481594,
          -2.066644,
          1
        ]
      },
      {
        "date" : 748037710.472052,
        "title" : "Untitled",
        "transform" : [
          -0.8060266,
          -5.0015558e-08,
          0.59187937,
          0,
          0.3409078,
          0.817467,
          0.46425164,
          0,
          -0.4838415,
          0.5759754,
          -0.6589004,
          0,
          -0.9857441,
          1.354677,
          -1.7638797,
          1
        ]
      },
      {
        "date" : 748037653.491162,
        "title" : "Untitled",
        "transform" : [
          -0.99819976,
          -4.4380805e-08,
          -0.05997788,
          0,
          -0.015744207,
          0.9649326,
          0.26202485,
          0,
          0.05787502,
          0.2624974,
          -0.9631955,
          0,
          0.38979053,
          0.5892315,
          -2.3278708,
          1
        ]
      },
      {
        "date" : 748037644.524816,
        "title" : "Untitled",
        "transform" : [
          -0.90365857,
          -5.3496503e-08,
          0.42825362,
          0,
          0.13250361,
          0.95093054,
          0.27959627,
          0,
          -0.40723914,
          0.30940467,
          -0.8593166,
          0,
          -0.89042544,
          0.70633614,
          -2.6833367,
          1
        ]
      },
      {
        "date" : 748037630.892869,
        "title" : "Untitled",
        "transform" : [
          -0.99258286,
          -5.291042e-08,
          0.121569656,
          0,
          0.022519175,
          0.98269385,
          0.18386362,
          0,
          -0.11946543,
          0.1852375,
          -0.975405,
          0,
          -0.059051007,
          0.3966865,
          -2.5806372,
          1
        ]
      },
      {
        "date" : 748037628.708195,
        "title" : "Untitled",
        "transform" : [
          -0.97058535,
          -5.1730357e-08,
          0.24075735,
          0,
          0.11435192,
          0.8800031,
          0.46099687,
          0,
          -0.21186696,
          0.4749679,
          -0.8541183,
          0,
          -0.34983122,
          1.158421,
          -2.5210009,
          1
        ]
      }
    ],
    "D66134B1-3681-4A8E-AFE5-29F257229F3B" : [
      {
        "date" : 748038027.534818,
        "title" : "Untitled",
        "transform" : [
          1,
          0,
          -0,
          0,
          -0,
          0.8660254,
          -0.5,
          0,
          0,
          0.5,
          0.8660254,
          0,
          0,
          0.22471592,
          0.3894194,
          1
        ]
      }
    ],
    "E7B30211-7060-4C12-88C8-01585A73D7C2" : [
      {
        "date" : 748042828.663951,
        "title" : "Untitled",
        "transform" : [
          0.99181736,
          2.6280396e-09,
          0.1276656,
          0,
          -0.012927463,
          0.99485993,
          0.10043183,
          0,
          -0.12700951,
          -0.101260416,
          0.9867193,
          0,
          -0.010868203,
          0.3567047,
          1.6315025,
          1
        ]
      },
      {
        "date" : 748042606.527762,
        "title" : "Untitled",
        "transform" : [
          0.97396624,
          2.5717588e-09,
          -0.22669336,
          0,
          -0.05554163,
          0.9695211,
          -0.23862931,
          0,
          0.21978389,
          0.24500781,
          0.94428086,
          0,
          0.51844364,
          0.8957565,
          1.3558627,
          1
        ]
      },
      {
        "date" : 748040739.239958,
        "title" : "Untitled",
        "transform" : [
          0.58765966,
          -3.964605e-09,
          -0.8091083,
          0,
          0.1835803,
          0.97391987,
          0.13333532,
          0,
          0.7880066,
          -0.22689214,
          0.5723335,
          0,
          1.2378623,
          0.26356673,
          0.49747336,
          1
        ]
      },
      {
        "date" : 748040719.957478,
        "title" : "Untitled",
        "transform" : [
          0.9955803,
          -5.2097295e-09,
          0.09391209,
          0,
          0.004372356,
          0.99891555,
          -0.046352044,
          0,
          -0.09381026,
          0.04655781,
          0.9945008,
          0,
          0.0638428,
          0.6712063,
          1.4379027,
          1
        ]
      },
      {
        "date" : 748040712.773536,
        "title" : "Untitled",
        "transform" : [
          0.9995574,
          -7.458592e-09,
          -0.029747698,
          0,
          -0.0001469571,
          0.9999877,
          -0.00493796,
          0,
          0.029747348,
          0.0049401755,
          0.9995452,
          0,
          0.23874348,
          0.6129243,
          1.3868606,
          1
        ]
      },
      {
        "date" : 748040705.449035,
        "title" : "Untitled",
        "transform" : [
          0.9536216,
          -7.526435e-09,
          0.30100796,
          0,
          0.06346999,
          0.97751665,
          -0.20107892,
          0,
          -0.29424027,
          0.21085818,
          0.93218094,
          0,
          -0.23265636,
          0.8996136,
          1.4394431,
          1
        ]
      },
      {
        "date" : 748038355.976708,
        "title" : "Untitled",
        "transform" : [
          0.9981178,
          -5.1178493e-09,
          0.061326534,
          0,
          -0.001976895,
          0.9994803,
          0.03217486,
          0,
          -0.061294656,
          -0.032235514,
          0.9975991,
          0,
          0.1290847,
          0.5144127,
          1.5828533,
          1
        ]
      },
      {
        "date" : 748038338.259952,
        "title" : "Untitled",
        "transform" : [
          0.9999597,
          -5.132596e-09,
          0.008980439,
          0,
          -0.00015636861,
          0.99984837,
          0.017411279,
          0,
          -0.008979069,
          -0.017411962,
